x,years,party,partyCode
1968,12,Democrat,D
1980,6,Republican,R
1986,9,,D
1995,5,,R
2000,0.25,,D
2000.25,0.5,,R
2000.75,1.25,,D
2002,4,,R
2006,9,,D
2015,5,,R